5 278162896 2
6 87144204 1
6 797021510 3
5 910271928 5
7 772689689 1
5 289039948 3
5 847309775 4
6 758040519 2
3 587384830 1
4 190208263 3
6 177678129 3
6 210710226 5
3 303401263 3
3 809644536 3
4 463934462 4
7 90117173 1
7 582734796 1
6 559295146 3
6 212865678 4
4 157494095 2
7 601283846 2
6 989301695 6
6 59893399 3
6 101046312 2
5 70223499 3
7 73398554 1
6 117991678 2
3 792976871 2
6 731894215 4
5 640291707 1
6 73038344 1
4 59551106 3
4 842427132 4
4 241943016 3
5 707809625 2
2 924210586 1
5 997656202 2
6 964076216 2
5 958042384 4
5 469987279 5
6 269775587 1
5 400399801 4
5 229665902 3
5 519124111 1
6 641835657 6
1 452379554 1
7 258277559 1
3 184660343 1
4 440531119 4
6 854376902 6
5 662449534 1
7 296324760 1
5 386513533 4
6 643715127 4
3 511908639 1
5 499773153 1
6 190684416 3
3 94123458 2
6 269794975 5
4 30082589 4
6 394274635 6
2 559772387 1
6 447424877 3
6 778510864 1
6 420755615 4
5 315277216 3
6 629454915 1
5 840215549 2
4 41880338 1
2 507841274 2
5 209717412 5
3 90670538 3
4 15000740 2
7 243012918 2
6 332585623 2
4 615562706 2
5 980358945 5
4 653922533 2
6 116507986 4
2 465650071 2
3 629882722 2
5 457329885 1
5 544936 5
6 213243372 6
6 970929056 5
6 100332754 6
6 803411505 5
6 246387947 2
4 982193423 1
4 528381265 3
6 130967084 4
6 884865113 5
4 693438481 1
4 964757784 1
6 304145152 5
6 397424389 1
5 846583622 4
7 328955427 1
5 766287890 3
5 995691643 2